0 0.235217 0.874886 0.083073 0.133961
0 0.505614 0.908811 0.049021 0.107467
0 0.615741 0.917173 0.082336 0.056067
0 0.635975 0.348734 0.039668 0.05214
0 0.6192 0.467485 0.018371 0.054337
0 0.652507 0.764359 0.019387 0.037418
0 0.626867 0.55146 0.018118 0.029004
0 0.75243 0.975511 0.022983 0.026179
0 0.068077 0.720832 0.00726 0.039961
0 0.619538 0.420273 0.017599 0.035888
0 0.221825 0.161018 0.02467 0.016333
0 0.437876 0.950167 0.049536 0.088137
0 0.648547 0.715392 0.025692 0.019535
0 0.232876 0.700543 0.010924 0.027971
0 0.647985 0.264081 0.041145 0.029049