0 0.343152 0.957086 0.123761 0.049649
0 0.206757 0.801064 0.032972 0.076877
0 0.114623 0.847575 0.051617 0.047957
0 0.1528 0.818909 0.025138 0.059479
0 0.806427 0.365056 0.094671 0.058893
0 0.598627 0.324881 0.025018 0.029274
0 0.706826 0.786177 0.034322 0.044398
0 0.05307 0.902537 0.058953 0.022873
0 0.74611 0.490547 0.02354 0.020035
0 0.878575 0.848941 0.025959 0.018757
0 0.289114 0.425518 0.032135 0.026443
0 0.287226 0.585848 0.028801 0.020112
0 0.781206 0.370013 0.041849 0.034098
0 0.759977 0.444856 0.021761 0.015387
0 0.541753 0.324539 0.070503 0.044779