0 0.403974 0.952929 0.119654 0.049454
0 0.846751 0.358283 0.086846 0.056385
0 0.611689 0.315542 0.045401 0.035815
0 0.88318 0.787074 0.104062 0.017985
0 0.210946 0.816713 0.060714 0.078521
0 0.281024 0.79364 0.034075 0.074783
0 0.903541 0.869805 0.026707 0.042564
0 0.88239 0.765083 0.099064 0.056249
0 0.653273 0.3166 0.015366 0.018819
0 0.18408 0.952492 0.027179 0.025669
0 0.917937 0.834127 0.030308 0.018147
0 0.350543 0.426037 0.037725 0.025276
0 0.226679 0.815572 0.030224 0.061387
0 0.317073 0.812446 0.036888 0.038306
0 0.371956 0.464205 0.019348 0.032399