0 0.712437 0.912622 0.124426 0.063564
0 0.755677 0.82373 0.097243 0.041239
0 0.441628 0.945714 0.07354 0.108573
0 0.756772 0.546744 0.035462 0.072329
0 0.735007 0.490444 0.03654 0.088132
0 0.759872 0.633361 0.028252 0.053175
0 0.371283 0.700815 0.038623 0.035644
0 0.599271 0.278988 0.035687 0.034113
0 0.4185 0.872091 0.053892 0.022124
0 0.864238 0.687473 0.06398 0.035354
0 0.871742 0.659407 0.083773 0.088441
0 0.692818 0.867234 0.035604 0.020294
0 0.901922 0.631102 0.025147 0.024702
0 0.373116 0.648103 0.044803 0.046963
0 0.896665 0.739926 0.025419 0.018155