0 0.403359 0.95391 0.121774 0.050707
0 0.22266 0.815448 0.030244 0.055875
0 0.191308 0.847511 0.061858 0.04584
0 0.851404 0.361369 0.095022 0.058651
0 0.274333 0.794539 0.03548 0.07162
0 0.612011 0.317277 0.047396 0.038427
0 0.176351 0.957611 0.03087 0.032064
0 0.756214 0.779725 0.040233 0.043181
0 0.909412 0.878225 0.030628 0.042471
0 0.349323 0.424949 0.034187 0.02477
0 0.655569 0.316571 0.016981 0.019895
0 0.886411 0.771301 0.104432 0.061018
0 0.925474 0.837598 0.030196 0.021555
0 0.369797 0.47669 0.023506 0.056108
0 0.340404 0.582069 0.023628 0.015662