0 0.160763 0.817099 0.027121 0.058155
0 0.817272 0.364946 0.092465 0.05857
0 0.057204 0.903007 0.067229 0.034472
0 0.349896 0.957749 0.117687 0.048697
0 0.213582 0.800157 0.029976 0.080625
0 0.551209 0.321907 0.073607 0.040297
0 0.607032 0.324624 0.02573 0.028161
0 0.714112 0.786821 0.032711 0.043932
0 0.318671 0.478771 0.023522 0.0595
0 0.297694 0.425615 0.026858 0.025038
0 0.754125 0.49094 0.023773 0.018286
0 0.887599 0.847493 0.028634 0.021737
0 0.355605 0.590068 0.111456 0.114421
0 0.873324 0.883221 0.026538 0.046947
0 0.282776 0.34883 0.020961 0.026193
0 0.861615 0.779217 0.080199 0.053247
0 0.397245 0.76836 0.038253 0.02002
0 0.119871 0.958574 0.016563 0.032434