0 0.187593 0.84918 0.072904 0.047162
0 0.401357 0.955158 0.123192 0.049542
0 0.889202 0.775019 0.108327 0.061951
0 0.856174 0.362523 0.091015 0.058362
0 0.214631 0.815381 0.030216 0.056122
0 0.270445 0.794502 0.035671 0.071914
0 0.610951 0.318111 0.047456 0.039849
0 0.53358 0.921868 0.061861 0.024673
0 0.757798 0.782958 0.036126 0.047829
0 0.144575 0.902118 0.116793 0.034114
0 0.347926 0.423358 0.030384 0.027819
0 0.656285 0.320535 0.021158 0.025675
0 0.927446 0.841256 0.032401 0.019775
0 0.366139 0.476787 0.026907 0.058756
0 0.429829 0.918821 0.042847 0.013428
0 0.339582 0.584075 0.028808 0.015592
0 0.169149 0.965239 0.018149 0.035074