0 0.174929 0.850333 0.050925 0.045323
0 0.397277 0.955916 0.123823 0.051408
0 0.211509 0.817825 0.031047 0.059627
0 0.266444 0.798688 0.032854 0.077117
0 0.856937 0.362223 0.090982 0.055643
0 0.757237 0.783981 0.035163 0.04744
0 0.61028 0.317996 0.044501 0.03953
0 0.345645 0.42393 0.029404 0.025034
0 0.533393 0.922163 0.063364 0.028759
0 0.927816 0.843268 0.031039 0.024373
0 0.887216 0.776036 0.107322 0.060283
0 0.653434 0.321753 0.023376 0.028558
0 0.364297 0.47643 0.022491 0.060364
0 0.112119 0.907959 0.054557 0.026302
0 0.338787 0.582705 0.030979 0.018269
0 0.167804 0.961747 0.013945 0.039323