0 0.495356 0.911792 0.069406 0.097735
0 0.207724 0.872975 0.092295 0.114513
0 0.593995 0.925461 0.079993 0.050626
0 0.80859 0.940183 0.094319 0.041701
0 0.59464 0.469643 0.021303 0.05268
0 0.61577 0.348759 0.034777 0.049413
0 0.735491 0.982875 0.02236 0.029124
0 0.59639 0.423052 0.01692 0.03308
0 0.634821 0.770922 0.029828 0.045649
0 0.627565 0.722047 0.023883 0.017347
0 0.192946 0.162998 0.0276 0.017495
0 0.628938 0.263974 0.032959 0.027311
0 0.606265 0.554531 0.015583 0.026252
0 0.209652 0.710277 0.007948 0.025534