0 0.263659 0.887557 0.08357 0.129348
0 0.450281 0.956632 0.085553 0.080094
0 0.939664 0.84002 0.09373 0.071091
0 0.65869 0.933659 0.067459 0.045311
0 0.25453 0.716588 0.015923 0.028907
0 0.644975 0.473806 0.024439 0.052613
0 0.69247 0.775092 0.023148 0.035816
0 0.862103 0.940544 0.097452 0.0371
0 0.678614 0.724983 0.031031 0.020141
0 0.666134 0.3532 0.039741 0.048096
0 0.554368 0.917497 0.074896 0.098522
0 0.792898 0.985846 0.028246 0.02822
0 0.23834 0.166577 0.023492 0.014114
0 0.656446 0.559067 0.020288 0.030017
0 0.647246 0.425331 0.018004 0.03408