0 0.667908 0.851017 0.094216 0.051562
0 0.284783 0.65995 0.052649 0.053875
0 0.741655 0.695171 0.091138 0.068156
0 0.814754 0.729186 0.018774 0.029811
0 0.291922 0.609404 0.046311 0.034857
0 0.358404 0.869933 0.111279 0.092738
0 0.229669 0.726216 0.032995 0.035037
0 0.443599 0.715835 0.056383 0.0722
0 0.762048 0.195159 0.03496 0.016494
0 0.270722 0.858232 0.05623 0.047232
0 0.772494 0.430518 0.016122 0.03105
0 0.36433 0.544214 0.053598 0.097747
0 0.298977 0.720265 0.01763 0.016389
0 0.372441 0.670384 0.047332 0.06286