0 0.280526 0.173958 0.069474 0.115625
0 0.331579 0.192188 0.028421 0.054167
0 0.771737 0.546458 0.055474 0.016875
0 0.746316 0.538021 0.030526 0.018750
0 0.338421 0.623177 0.061053 0.042188
0 0.265789 0.628385 0.018947 0.008854
0 0.269474 0.669271 0.047368 0.085417
0 0.714642 0.574240 0.011747 0.004896
0 0.752363 0.559094 0.025674 0.011646
0 0.738726 0.567193 0.024232 0.004573
0 0.387632 0.201563 0.018421 0.033333
0 0.447632 0.188542 0.010000 0.005208
0 0.560263 0.207292 0.014211 0.007292
0 0.551053 0.459375 0.056842 0.088542
