0 0.504211 0.575521 0.030526 0.016667
0 0.551411 0.631984 0.008695 0.009677
0 0.521732 0.600151 0.009695 0.009073
0 0.631037 0.566812 0.057337 0.049292
0 0.584316 0.588958 0.061263 0.068958
0 0.445789 0.293750 0.017895 0.026042
0 0.431316 0.340625 0.008947 0.015625
0 0.071579 0.528125 0.011579 0.030208
0 0.045263 0.541667 0.028421 0.017708
0 0.469474 0.557292 0.013684 0.030208
0 0.375263 0.554688 0.054737 0.020833
0 0.014737 0.567187 0.028421 0.008333
0 0.050526 0.610938 0.032632 0.031250
0 0.154211 0.641146 0.029474 0.027083
0 0.057368 0.645833 0.058947 0.028125
0 0.437368 0.658594 0.048421 0.021354
0 0.533421 0.665625 0.055263 0.028125
