0 0.515263 0.414062 0.042105 0.114583
0 0.300000 0.134896 0.228421 0.212500
0 0.494211 0.226562 0.105263 0.106250
0 0.547632 0.268750 0.040526 0.061458
0 0.510000 0.335938 0.008421 0.012500
0 0.166316 0.576562 0.222105 0.229167
0 0.489737 0.530990 0.126842 0.122396
0 0.656316 0.530729 0.027368 0.060417
0 0.284737 0.684896 0.084211 0.050000
0 0.482895 0.668229 0.024737 0.012500
0 0.011842 0.676562 0.022632 0.016667
0 0.128421 0.717187 0.184211 0.066667
0 0.106316 0.741146 0.026316 0.014583
0 0.131842 0.754687 0.061579 0.027083
