0 0.502895 0.628646 0.117368 0.020833
0 0.103158 0.538542 0.024211 0.040625
0 0.112895 0.561979 0.001579 0.002083
0 0.592632 0.592708 0.022105 0.009375
0 0.065526 0.618750 0.114211 0.028125
0 0.583684 0.628125 0.021053 0.007292
0 0.170579 0.501042 0.128526 0.135417
0 0.172895 0.708854 0.043684 0.025000
0 0.174211 0.688542 0.044211 0.007292
0 0.088947 0.684375 0.018947 0.013542
0 0.492632 0.688542 0.161053 0.105208
0 0.154500 0.631396 0.086032 0.109000
0 0.312632 0.104688 0.123158 0.197917
0 0.216316 0.188021 0.174737 0.066667
0 0.561053 0.494792 0.110526 0.192708
0 0.075789 0.542188 0.100000 0.110417
