0 0.505000 0.306250 0.101579 0.055208
0 0.207753 0.264469 0.099716 0.032896
0 0.210000 0.100521 0.031579 0.008333
0 0.300000 0.220833 0.049474 0.040625
0 0.331579 0.223438 0.009474 0.016667
0 0.134737 0.233333 0.013684 0.026042
0 0.364737 0.227604 0.004211 0.010417
0 0.227368 0.333333 0.064211 0.069792
0 0.453684 0.317708 0.015789 0.013542
0 0.130000 0.503125 0.141053 0.115625
0 0.492895 0.526563 0.025789 0.062500
0 0.470526 0.543750 0.015789 0.026042
0 0.640000 0.550521 0.032632 0.037500
0 0.402632 0.562500 0.128421 0.030208
0 0.046316 0.568229 0.089474 0.027083
0 0.150526 0.611458 0.133684 0.061458
0 0.402632 0.635417 0.018947 0.009375
0 0.556842 0.651042 0.024211 0.023958
0 0.127368 0.681771 0.060000 0.062500
