0 0.731579 0.714583 0.034737 0.013542
0 0.557368 0.769271 0.033684 0.047917
0 0.600526 0.754687 0.044211 0.010417
0 0.597632 0.694792 0.017368 0.017708
0 0.218632 0.192240 0.067789 0.156354
0 0.251842 0.669792 0.012105 0.003125
0 0.236579 0.663021 0.013158 0.002083
0 0.181842 0.636979 0.002632 0.002083
0 0.211316 0.633333 0.002632 0.003125
0 0.137895 0.620573 0.003158 0.001563
0 0.201316 0.629687 0.035263 0.039583
0 0.117368 0.555208 0.086316 0.144792
0 0.482105 0.454167 0.007368 0.013542
0 0.283411 0.244057 0.061368 0.047927
