0 0.416842 0.254167 0.011579 0.007292
0 0.452105 0.563021 0.010526 0.016667
0 0.410526 0.569271 0.007368 0.008333
0 0.467368 0.577083 0.020000 0.021875
0 0.454737 0.700521 0.043158 0.043750
0 0.463684 0.675000 0.018947 0.009375
0 0.351579 0.650521 0.015789 0.004167
0 0.487895 0.636458 0.008421 0.007292
0 0.493421 0.628646 0.011053 0.008333
0 0.507632 0.609375 0.016316 0.005208
0 0.514737 0.598437 0.013684 0.006250
0 0.135789 0.601042 0.013684 0.013542
0 0.405579 0.664323 0.012211 0.008854
0 0.147474 0.671302 0.047158 0.120729
0 0.118879 0.644568 0.026347 0.023260
0 0.016053 0.560417 0.030000 0.013542
0 0.130000 0.554167 0.029474 0.023958
0 0.105789 0.546875 0.025263 0.019792
0 0.086316 0.517969 0.003158 0.001563
0 0.061053 0.520833 0.013684 0.023958
0 0.075789 0.511458 0.144211 0.082292
0 0.279474 0.242188 0.027368 0.016667
0 0.408421 0.297917 0.022105 0.030208
0 0.174789 0.183802 0.201158 0.161354
0 0.478421 0.595313 0.021053 0.022917
0 0.131316 0.586979 0.019474 0.018750
0 0.190526 0.593229 0.009474 0.033333
