0 0.600000 0.587500 0.043158 0.073958
0 0.113158 0.656771 0.016842 0.014583
0 0.079211 0.673438 0.072105 0.041667
0 0.694737 0.661979 0.011579 0.008333
0 0.113947 0.669271 0.008947 0.010417
0 0.102632 0.701302 0.012632 0.006771
0 0.522105 0.705208 0.015789 0.009375
0 0.015263 0.714583 0.031579 0.021875
0 0.168421 0.761458 0.081053 0.076042
0 0.513721 0.341344 0.025526 0.046812
0 0.481405 0.093865 0.011947 0.012896
0 0.189474 0.621354 0.007368 0.014583
0 0.583684 0.616146 0.002105 0.002083
0 0.300000 0.235937 0.030526 0.029167
0 0.556316 0.286458 0.067368 0.101042
0 0.150526 0.627083 0.009474 0.007292
0 0.132632 0.636458 0.024211 0.021875
0 0.380000 0.256250 0.017895 0.019792
0 0.372632 0.354687 0.030526 0.070833
0 0.500000 0.395833 0.013684 0.055208
0 0.222105 0.462500 0.041053 0.051042
0 0.494211 0.446354 0.014737 0.008333
0 0.494737 0.457813 0.020000 0.006250
0 0.607895 0.610417 0.031579 0.040625
0 0.262632 0.147396 0.016842 0.033333
0 0.255263 0.222917 0.037895 0.042708
0 0.352105 0.239583 0.035789 0.065625
