0 0.329737 0.744271 0.068947 0.072917
0 0.536795 0.307125 0.021484 0.014521
0 0.433684 0.214583 0.068421 0.136458
0 0.387105 0.557292 0.023684 0.005208
0 0.685526 0.568229 0.016316 0.012500
0 0.433158 0.581771 0.016842 0.008333
0 0.306053 0.609375 0.014211 0.034375
0 0.450000 0.653906 0.012632 0.005729
0 0.705526 0.698177 0.096316 0.075521
0 0.640000 0.706771 0.036842 0.075000
0 0.350000 0.568229 0.046316 0.083333
0 0.394211 0.530208 0.012632 0.011458
0 0.098947 0.608854 0.196842 0.172917
0 0.528421 0.226042 0.020000 0.038542
0 0.717105 0.267188 0.011053 0.018750
0 0.715263 0.281771 0.017895 0.027083
0 0.699474 0.309896 0.016842 0.020833
0 0.874211 0.548438 0.122105 0.189583
0 0.399211 0.419010 0.012105 0.006771
0 0.144474 0.685156 0.010000 0.003646
0 0.733158 0.516667 0.073684 0.151042
0 0.784737 0.723437 0.054737 0.052083
