0 0.250000 0.255208 0.012632 0.013542
0 0.303158 0.253125 0.038947 0.009375
0 0.416842 0.314844 0.017895 0.013021
0 0.401842 0.351562 0.021579 0.029167
0 0.388421 0.355729 0.015789 0.025000
0 0.047895 0.533854 0.084211 0.095833
0 0.142105 0.553125 0.022105 0.011458
0 0.615789 0.647656 0.015789 0.011979
0 0.109211 0.691406 0.061579 0.076563
0 0.483158 0.711458 0.013684 0.009375
0 0.327368 0.097396 0.020000 0.018750
0 0.105789 0.144792 0.025263 0.007292
0 0.131053 0.165365 0.029474 0.022396
0 0.426842 0.220312 0.010526 0.016667
0 0.215789 0.243750 0.034737 0.042708
0 0.446316 0.269792 0.068421 0.082292
