0 0.631842 0.603125 0.003684 0.003125
0 0.027368 0.612500 0.034737 0.015625
0 0.650526 0.609375 0.009474 0.007292
0 0.643947 0.614062 0.002632 0.002083
0 0.135263 0.672917 0.115789 0.096875
0 0.138947 0.138542 0.024211 0.032292
0 0.215263 0.173958 0.025263 0.080208
0 0.187895 0.203646 0.035789 0.052083
0 0.429474 0.309375 0.017895 0.015625
0 0.253947 0.207813 0.014211 0.014583
0 0.652632 0.586458 0.036842 0.030208
0 0.127895 0.575521 0.029474 0.006250
0 0.494737 0.601562 0.017895 0.006250
0 0.020053 0.526927 0.032737 0.048646
