0 0.518158 0.725000 0.025789 0.048958
0 0.561053 0.594792 0.011579 0.009375
0 0.575263 0.608333 0.006316 0.013542
0 0.692368 0.636979 0.034211 0.029167
0 0.698421 0.658333 0.010526 0.015625
0 0.340000 0.183854 0.009474 0.025000
0 0.312895 0.184375 0.011053 0.011458
0 0.534474 0.208854 0.011053 0.014583
0 0.071316 0.604167 0.027895 0.034375
0 0.529737 0.220833 0.001579 0.007292
0 0.205789 0.559375 0.012632 0.017708
0 0.533684 0.589583 0.011579 0.009375
0 0.248421 0.188021 0.068421 0.070833
0 0.320789 0.178125 0.022632 0.021875
0 0.113811 0.569823 0.010463 0.007646
