0 0.400153 0.836584 0.022464 0.055115
0 0.366657 0.517028 0.039542 0.074800
0 0.352932 0.613483 0.022330 0.039370
0 0.100654 0.700100 0.048739 0.062987
0 0.671476 0.551155 0.015769 0.022309
0 0.642579 0.569523 0.023649 0.032805
0 0.323968 0.795248 0.088147 0.011813
0 0.333820 0.763750 0.073696 0.038053
0 0.667607 0.484179 0.043543 0.099618
0 0.672101 0.658521 0.044871 0.082443
0 0.346299 0.768344 0.048739 0.023616
0 0.156485 0.783435 0.023782 0.009179
0 0.450138 0.247991 0.024957 0.009170
0 0.851437 0.776861 0.165511 0.050859
0 0.617670 0.794399 0.070029 0.021183
0 0.149647 0.681431 0.036199 0.078683
0 0.494943 0.249642 0.008930 0.023483
