0 0.449422 0.910054 0.032805 0.013126
0 0.444829 0.850996 0.028865 0.078737
0 0.186938 0.839995 0.046488 0.096649
0 0.861494 0.742730 0.011809 0.030193
0 0.431702 0.637088 0.031499 0.031499
0 0.398897 0.575407 0.023619 0.021006
0 0.431708 0.574748 0.026242 0.024936
0 0.438924 0.536692 0.017056 0.051178
0 0.404802 0.539973 0.035428 0.042002
0 0.385776 0.497323 0.010503 0.027559
0 0.040632 0.841809 0.031499 0.031499
0 0.919229 0.713838 0.024925 0.061724
0 0.212232 0.983667 0.018769 0.032666
0 0.245075 0.798110 0.017944 0.086842
0 0.721151 0.878613 0.098062 0.045471
0 0.415958 0.895600 0.047248 0.013084
0 0.346467 0.333994 0.008779 0.010171
0 0.082607 0.840755 0.014807 0.017034
