0 0.748915 0.992098 0.020687 0.015805
0 0.239415 0.632961 0.016552 0.008262
0 0.220107 0.720424 0.016541 0.023423
0 0.053265 0.741084 0.013792 0.042704
0 0.593786 0.762366 0.049635 0.046964
0 0.621289 0.561363 0.015682 0.026652
0 0.508362 0.922430 0.066498 0.101577
0 0.632100 0.351508 0.035177 0.048745
0 0.645650 0.778273 0.018002 0.040086
0 0.643340 0.729367 0.023351 0.018906
0 0.610548 0.938616 0.068743 0.047747
0 0.611122 0.474367 0.020290 0.052532
0 0.216208 0.875724 0.091321 0.108144
0 0.645161 0.266320 0.034125 0.025601
0 0.831128 0.951738 0.084168 0.031631
0 0.612277 0.427758 0.016928 0.033219
0 0.894388 0.844324 0.107551 0.053863
0 0.689619 0.987639 0.012406 0.015150
