0 0.741904 0.615140 0.064815 0.047637
0 0.440286 0.897632 0.104983 0.097122
0 0.622693 0.367447 0.018376 0.007884
0 0.619412 0.402223 0.014434 0.014434
0 0.380571 0.660095 0.038052 0.023617
0 0.372693 0.686344 0.014434 0.007872
0 0.303611 0.992934 0.009530 0.010213
0 0.389759 0.745403 0.038063 0.076114
0 0.416663 0.698152 0.041993 0.015745
0 0.360230 0.614821 0.057749 0.040683
0 0.640409 0.513113 0.027559 0.028869
0 0.618757 0.494742 0.015745 0.023617
0 0.610885 0.456030 0.031489 0.051187
0 0.767990 0.583326 0.011568 0.008847
0 0.522956 0.879916 0.057738 0.072172
0 0.724440 0.580840 0.057570 0.025913
0 0.656394 0.468936 0.044658 0.048712
