0 0.826138 0.661856 0.011027 0.015151
0 0.343426 0.579225 0.071875 0.113501
0 0.784431 0.945262 0.040737 0.026310
0 0.774425 0.806483 0.017935 0.017915
0 0.880608 0.809242 0.020681 0.012397
0 0.721339 0.809928 0.063438 0.077135
0 0.711869 0.925017 0.030413 0.024303
0 0.297310 0.734169 0.042746 0.060602
0 0.589425 0.277949 0.034185 0.017637
0 0.746049 0.939627 0.036205 0.017648
0 0.115463 0.788032 0.010100 0.023110
0 0.281412 0.776360 0.048627 0.023846
0 0.713873 0.753356 0.054063 0.056143
0 0.685279 0.931834 0.049911 0.020680
0 0.504436 0.283305 0.034944 0.026901
0 0.320954 0.794036 0.051663 0.039599
0 0.269732 0.927692 0.037232 0.023411
