0 0.676490 0.895109 0.063526 0.029476
0 0.300016 0.599880 0.017828 0.028384
0 0.660049 0.565562 0.022303 0.015753
0 0.218575 0.878936 0.081670 0.077959
0 0.648368 0.711889 0.030186 0.040677
0 0.606376 0.589842 0.048559 0.006561
0 0.642991 0.593777 0.027555 0.009192
0 0.667402 0.518974 0.015742 0.030175
0 0.230055 0.729585 0.005611 0.012227
0 0.628684 0.546534 0.027566 0.030186
0 0.578308 0.911534 0.055197 0.088221
0 0.622123 0.580655 0.032806 0.017052
0 0.865813 0.908717 0.068897 0.017478
0 0.603783 0.893466 0.054945 0.058308
0 0.614869 0.627434 0.060022 0.019105
0 0.949787 0.915175 0.060753 0.027686
