0 0.444184 0.304056 0.035226 0.043455
0 0.819906 0.769934 0.036483 0.039294
0 0.309868 0.650237 0.031466 0.061689
0 0.357718 0.728979 0.040639 0.035442
0 0.745083 0.549840 0.055061 0.036744
0 0.727387 0.702075 0.014421 0.028874
0 0.303379 0.715508 0.014388 0.067439
0 0.196654 0.809939 0.017255 0.013256
0 0.344609 0.692235 0.040639 0.024934
0 0.277393 0.776678 0.053484 0.076291
0 0.354443 0.624647 0.049813 0.049868
0 0.344609 0.665331 0.040639 0.026247
0 0.299162 0.176479 0.025491 0.020331
0 0.743649 0.772494 0.046770 0.029536
0 0.718798 0.926104 0.012459 0.018212
0 0.334123 0.576093 0.019669 0.023620
0 0.725469 0.503190 0.032856 0.090486
0 0.314283 0.905480 0.188346 0.093698
0 0.727084 0.596192 0.026295 0.031148
