0 0.182110 0.796307 0.023460 0.007411
0 0.941331 0.781540 0.088601 0.078074
0 0.624736 0.954503 0.049497 0.062184
0 0.635110 0.928172 0.117583 0.096859
0 0.344902 0.949245 0.090294 0.089067
0 0.491945 0.830466 0.046515 0.021055
0 0.293816 0.512319 0.020245 0.060344
0 0.913552 0.818571 0.060184 0.042491
0 0.259644 0.766319 0.040613 0.049620
0 0.282669 0.739460 0.061853 0.103828
0 0.271000 0.702423 0.045681 0.049509
0 0.315442 0.596926 0.077779 0.033337
0 0.335816 0.616681 0.049374 0.028405
0 0.258656 0.610509 0.090123 0.176552
0 0.354951 0.581497 0.045681 0.037031
0 0.208656 0.786436 0.019742 0.022221
0 0.188288 0.978405 0.030859 0.016049
0 0.269767 0.930877 0.092589 0.074074
0 0.283963 0.441374 0.051853 0.067902
0 0.772086 0.359761 0.027117 0.039497
