0 0.704034 0.740699 0.053330 0.095157
0 0.350344 0.543257 0.039374 0.038058
0 0.328038 0.502578 0.049875 0.024927
0 0.715835 0.916618 0.045929 0.047244
0 0.676461 0.918586 0.019687 0.022307
0 0.293090 0.512844 0.067056 0.047589
0 0.785752 0.779885 0.009248 0.038184
0 0.639875 0.883413 0.047683 0.022338
0 0.115371 0.871707 0.021764 0.018758
0 0.265057 0.767291 0.050386 0.018173
0 0.239275 0.938001 0.057463 0.063434
0 0.914353 0.803601 0.067119 0.056263
0 0.276738 0.398194 0.020407 0.012255
0 0.903398 0.766268 0.013601 0.009572
0 0.764593 0.967693 0.009520 0.006806
