0 0.141001 0.741883 0.017546 0.025063
0 0.794499 0.949267 0.017207 0.041354
0 0.275402 0.938561 0.006714 0.008942
0 0.302786 0.915924 0.015642 0.040790
0 0.909168 0.832102 0.015035 0.017546
0 0.825839 0.985614 0.043865 0.018787
0 0.733738 0.910423 0.112779 0.018787
0 0.709302 0.929852 0.116544 0.040099
0 0.320825 0.874083 0.093977 0.023822
0 0.327094 0.919824 0.043865 0.067659
0 0.156664 0.844640 0.033836 0.017546
0 0.326467 0.741255 0.040099 0.026319
0 0.795134 0.792003 0.015035 0.017546
0 0.299429 0.929309 0.031298 0.011791
0 0.728096 0.884732 0.151622 0.027574
