0 0.225879 0.781438 0.029628 0.012349
0 0.248100 0.722792 0.106162 0.087664
0 0.240693 0.943780 0.153094 0.104942
0 0.052426 0.833902 0.070372 0.048139
0 0.588838 0.611675 0.049384 0.008639
0 0.586990 0.592542 0.038267 0.017279
0 0.704769 0.963151 0.021579 0.019705
0 0.647914 0.567266 0.059012 0.084262
0 0.967946 0.824763 0.029422 0.034660
0 0.661489 0.326714 0.034069 0.034608
0 0.692856 0.666040 0.119782 0.096624
0 0.586374 0.638845 0.049384 0.013582
0 0.524024 0.883902 0.025918 0.009884
0 0.535751 0.899332 0.017279 0.016046
0 0.614146 0.926496 0.030860 0.016046
0 0.793151 0.958594 0.035777 0.016059
0 0.759820 0.977728 0.038254 0.012349
0 0.936374 0.872786 0.020988 0.014814
0 0.757362 0.881431 0.048151 0.039499
