0 0.838872 0.683907 0.023419 0.024791
0 0.106081 0.803744 0.023419 0.013767
0 0.421512 0.852581 0.064744 0.051116
0 0.300302 0.881494 0.012395 0.015291
0 0.268622 0.820965 0.081267 0.023419
0 0.276884 0.796860 0.048209 0.011023
0 0.431843 0.821581 0.041314 0.052488
0 0.752721 0.657669 0.019442 0.099314
0 0.465587 0.638453 0.026174 0.013767
0 0.381500 0.683837 0.051093 0.071767
0 0.382256 0.631494 0.027558 0.027686
0 0.427017 0.626674 0.045453 0.037326
0 0.426953 0.563320 0.023558 0.064872
0 0.392517 0.558494 0.009779 0.008407
0 0.393209 0.539901 0.013907 0.007035
0 0.400779 0.519930 0.012535 0.019419
0 0.405605 0.495134 0.011163 0.027686
0 0.783087 0.291343 0.033058 0.093663
0 0.896715 0.732116 0.015151 0.019279
0 0.709756 0.618517 0.044488 0.023360
0 0.373936 0.841465 0.073360 0.049186
0 0.767529 0.704628 0.021384 0.018512
0 0.686442 0.861465 0.033837 0.019163
0 0.599058 0.276715 0.035698 0.034826
0 0.369529 0.692930 0.034547 0.032395
0 0.756930 0.629593 0.028023 0.055395
0 0.752169 0.543831 0.034663 0.071360
0 0.733424 0.484081 0.031244 0.085605
0 0.755483 0.817390 0.096686 0.041663
0 0.450419 0.940849 0.053651 0.116907
0 0.707227 0.908163 0.119733 0.071837
0 0.881564 0.618483 0.009640 0.026174
0 0.894657 0.625297 0.022035 0.015291
0 0.449971 0.471878 0.101267 0.066523
0 0.714890 0.686006 0.016174 0.008430
0 0.706977 0.553878 0.047907 0.103802
