0 0.263592 0.841831 0.032394 0.035352
0 0.689829 0.760040 0.029557 0.015855
0 0.303415 0.861620 0.073652 0.039940
0 0.907772 0.732153 0.015161 0.019276
0 0.838174 0.824738 0.048340 0.032012
0 0.634894 0.403038 0.026871 0.064205
0 0.745961 0.927158 0.046751 0.019567
0 0.117460 0.704557 0.051117 0.066278
0 0.651569 0.324442 0.017907 0.022042
0 0.290704 0.810126 0.014588 0.004859
0 0.316806 0.837586 0.042666 0.006318
0 0.312611 0.825438 0.038541 0.016670
0 0.862409 0.737339 0.037515 0.065080
0 0.139175 0.669477 0.015151 0.017907
0 0.802540 0.865724 0.026891 0.018270
0 0.627777 0.441097 0.018229 0.028310
