0 0.528202 0.497354 0.036776 0.048690
0 0.488556 0.739460 0.067706 0.025965
0 0.616789 0.229540 0.027414 0.020478
0 0.761063 0.752469 0.055306 0.021699
0 0.719801 0.963673 0.083463 0.037044
0 0.264185 0.618743 0.023640 0.015876
0 0.320009 0.619465 0.045970 0.017053
0 0.801439 0.608044 0.033366 0.085416
0 0.432480 0.315593 0.036439 0.015876
0 0.778857 0.477757 0.015359 0.032628
0 0.637746 0.233814 0.007679 0.005752
0 0.978862 0.640792 0.042276 0.053708
0 0.686864 0.915575 0.014402 0.006071
0 0.691984 0.930920 0.018884 0.011823
0 0.342724 0.663841 0.007360 0.005752
0 0.347042 0.657770 0.010877 0.006389
0 0.285784 0.618288 0.013729 0.053389
0 0.430895 0.277885 0.012542 0.014177
0 0.980425 0.615389 0.039150 0.052938
0 0.451749 0.339894 0.017848 0.019858
0 0.789739 0.446726 0.036820 0.088106
0 0.459243 0.597743 0.040717 0.076248
0 0.455297 0.628584 0.017077 0.043434
