0 0.325889 0.633814 0.026276 0.032811
0 0.287134 0.601661 0.038096 0.031494
0 0.049351 0.723056 0.027594 0.017064
0 0.109786 0.759801 0.011831 0.019687
0 0.248379 0.882503 0.026276 0.023626
0 0.264801 0.846411 0.027594 0.022309
0 0.339027 0.869378 0.052552 0.010502
0 0.645774 0.622853 0.004059 0.020627
0 0.646982 0.647153 0.005575 0.022581
0 0.645628 0.592382 0.005272 0.009342
0 0.644723 0.671614 0.005575 0.025131
0 0.341653 0.889065 0.031527 0.020993
0 0.670680 0.731134 0.069728 0.040345
0 0.611616 0.532111 0.035471 0.018370
0 0.611621 0.578041 0.019707 0.028871
0 0.599796 0.602320 0.030220 0.009195
0 0.599158 0.617414 0.018421 0.023626
0 0.591914 0.719117 0.019707 0.017064
0 0.574838 0.689592 0.024969 0.026249
0 0.277934 0.526860 0.022333 0.018380
0 0.229331 0.463213 0.019707 0.014431
0 0.300272 0.564916 0.027594 0.007868
0 0.435659 0.305528 0.050272 0.031432
0 0.287521 0.936970 0.061904 0.123156
0 0.644242 0.556489 0.029383 0.033835
0 0.319320 0.830010 0.018389 0.055110
0 0.325230 0.834608 0.032845 0.019687
0 0.610968 0.879201 0.086705 0.024880
0 0.698321 0.923187 0.066998 0.065622
0 0.746935 0.761766 0.019707 0.013124
0 0.809995 0.853636 0.009195 0.018370
0 0.868447 0.713871 0.015764 0.009185
0 0.319325 0.657440 0.028902 0.032811
