0 0.591421 0.667344 0.069224 0.024688
0 0.587090 0.639569 0.048198 0.018512
0 0.629737 0.537094 0.027184 0.065438
0 0.242184 0.898606 0.139612 0.104888
0 0.650344 0.747931 0.020964 0.039513
0 0.761577 0.979437 0.018348 0.036500
0 0.636414 0.477412 0.037584 0.043200
0 0.579693 0.566194 0.025569 0.030187
0 0.206370 0.711788 0.080350 0.051850
0 0.186589 0.742650 0.112478 0.044450
0 0.381283 0.296975 0.014831 0.017275
0 0.333686 0.287713 0.013605 0.016050
0 0.356521 0.293938 0.027134 0.030875
0 0.585232 0.618581 0.042028 0.018513
