0 0.331234 0.953554 0.116800 0.037760
0 0.696800 0.684331 0.056434 0.030194
0 0.295880 0.828034 0.031486 0.015749
0 0.261103 0.963857 0.066937 0.064309
0 0.714514 0.933023 0.094491 0.023623
0 0.283726 0.764669 0.041531 0.075554
0 0.801131 0.944177 0.110240 0.045931
0 0.336560 0.609531 0.044617 0.056434
0 0.346406 0.664646 0.051189 0.048560
0 0.702703 0.567537 0.039371 0.045931
0 0.751411 0.744520 0.026800 0.064057
0 0.685640 0.634463 0.052491 0.035440
0 0.831166 0.803640 0.018171 0.007531
0 0.766269 0.778549 0.061520 0.082926
0 0.232040 0.822989 0.013314 0.021771
0 0.740189 0.643440 0.016629 0.017189
0 0.769634 0.812286 0.021006 0.015749
0 0.719109 0.594434 0.038057 0.031497
