0 0.699692 0.520297 0.078018 0.094345
0 0.731081 0.289636 0.015420 0.015420
0 0.746484 0.771596 0.017828 0.015218
0 0.622693 0.772956 0.027559 0.028869
0 0.335297 0.728337 0.048555 0.044625
0 0.638443 0.633852 0.043315 0.013124
0 0.477027 0.310358 0.032800 0.022307
0 0.281075 0.941635 0.068309 0.116193
0 0.446842 0.305218 0.025913 0.024278
0 0.925605 0.831467 0.039362 0.030594
0 0.308835 0.638796 0.080672 0.105454
0 0.281999 0.760476 0.079810 0.053135
0 0.855554 0.763572 0.079686 0.096618
0 0.323483 0.568891 0.030190 0.035431
0 0.056422 0.812984 0.015756 0.024938
0 0.121383 0.922564 0.017055 0.023628
0 0.320857 0.931075 0.011814 0.040649
0 0.606948 0.708651 0.053807 0.062990
0 0.731086 0.305062 0.023471 0.014087
