0 0.064194 0.894330 0.019665 0.009187
0 0.588799 0.763116 0.036165 0.039366
0 0.929325 0.766394 0.016380 0.014222
0 0.738871 0.589133 0.157790 0.033648
0 0.253602 0.798529 0.010478 0.045933
0 0.689432 0.724378 0.043262 0.076124
0 0.741231 0.635712 0.139809 0.112644
0 0.638554 0.760927 0.054624 0.098433
0 0.595902 0.810138 0.037252 0.039366
0 0.645878 0.548188 0.069916 0.122883
0 0.651183 0.959886 0.039020 0.026998
0 0.615072 0.645550 0.066631 0.033900
0 0.639648 0.677267 0.021852 0.027333
0 0.805639 0.875951 0.022891 0.020682
0 0.232288 0.817123 0.017455 0.022691
