0 0.375333 0.938894 0.104977 0.042077
0 0.789312 0.917359 0.063205 0.039120
0 0.768324 0.745372 0.035045 0.030700
0 0.705254 0.915282 0.060011 0.015756
0 0.209650 0.974972 0.057494 0.021953
0 0.347054 0.564898 0.030316 0.034244
0 0.345739 0.513719 0.011953 0.028995
0 0.329334 0.565559 0.042122 0.046061
0 0.373301 0.598363 0.025068 0.014560
0 0.331332 0.641670 0.017246 0.119549
0 0.393053 0.788657 0.024932 0.019819
0 0.353679 0.786027 0.035440 0.038194
0 0.296614 0.964831 0.076072 0.070339
0 0.077365 0.773561 0.018499 0.018499
0 0.053742 0.778809 0.063126 0.071005
0 0.947511 0.668578 0.015745 0.031625
0 0.738854 0.490756 0.023623 0.019819
0 0.833076 0.306755 0.086490 0.066038
0 0.370085 0.616146 0.036738 0.021005
