0 0.563215 0.937843 0.057274 0.046490
0 0.613510 0.582670 0.049868 0.031506
0 0.635163 0.510488 0.024934 0.026246
0 0.622696 0.612202 0.034120 0.027558
0 0.831811 0.885468 0.025636 0.043856
0 0.660666 0.591897 0.067864 0.130753
0 0.736684 0.972660 0.060407 0.054680
0 0.913087 0.713927 0.020275 0.028911
0 0.222431 0.902223 0.104985 0.064303
0 0.238179 0.724405 0.026246 0.052492
0 0.654847 0.738840 0.043306 0.039369
0 0.587523 0.771694 0.027416 0.021333
0 0.602146 0.918082 0.010498 0.008128
0 0.581328 0.928911 0.014903 0.007447
0 0.820509 0.915198 0.018616 0.008464
0 0.799690 0.938393 0.025056 0.018291
0 0.086536 0.783627 0.007314 0.018281
