0 0.861768 0.875946 0.044561 0.056435
0 0.621488 0.508736 0.026585 0.017375
0 0.922165 0.758474 0.023402 0.042247
0 0.660134 0.839939 0.021000 0.024786
0 0.271098 0.789518 0.029098 0.012711
0 0.085750 0.778828 0.044695 0.051184
0 0.090988 0.761770 0.042073 0.051184
0 0.658604 0.976337 0.060305 0.044615
0 0.617909 0.560324 0.015866 0.041990
0 0.289561 0.752582 0.011927 0.027558
0 0.252866 0.784078 0.040756 0.150916
0 0.291530 0.691563 0.018476 0.021001
0 0.224024 0.948138 0.156098 0.032784
0 0.210988 0.959280 0.056366 0.049866
0 0.237140 0.887094 0.111549 0.081368
0 0.249591 0.849695 0.049939 0.095800
0 0.827567 0.955684 0.026573 0.018083
0 0.785305 0.875495 0.015244 0.007009
