0 0.049983 0.803940 0.047647 0.060266
0 0.099062 0.764412 0.017192 0.107736
0 0.684972 0.557253 0.022464 0.044784
0 0.712836 0.755083 0.043674 0.059445
0 0.288491 0.550244 0.035339 0.057980
0 0.635805 0.575433 0.040821 0.073618
0 0.326093 0.571498 0.022442 0.052630
0 0.679956 0.471293 0.018757 0.016393
0 0.294190 0.596704 0.013418 0.013430
0 0.042486 0.770577 0.026238 0.054340
0 0.046743 0.764378 0.007137 0.007825
0 0.277353 0.686709 0.020943 0.019101
0 0.854989 0.953535 0.010311 0.015128
0 0.963568 0.803346 0.014440 0.026870
0 0.694301 0.814023 0.011043 0.006670
0 0.709384 0.814700 0.012686 0.007159
0 0.253468 0.759256 0.053507 0.043307
0 0.279495 0.727969 0.021476 0.072142
