0 0.339598 0.873208 0.017900 0.011014
0 0.371964 0.935193 0.016531 0.013772
0 0.644451 0.652476 0.012957 0.015904
0 0.725805 0.354770 0.008642 0.006552
0 0.704232 0.816249 0.007210 0.008046
0 0.305705 0.716202 0.006479 0.025277
0 0.515209 0.289603 0.015120 0.010136
0 0.118150 0.854786 0.008631 0.008715
0 0.115272 0.869545 0.011526 0.012320
0 0.107503 0.738908 0.013772 0.026176
0 0.341667 0.922795 0.019279 0.027555
0 0.264530 0.909023 0.016520 0.019279
0 0.316181 0.898004 0.064734 0.016531
0 0.643318 0.608056 0.027555 0.048213
0 0.628328 0.900643 0.047879 0.018339
0 0.253333 0.961134 0.033542 0.059592
0 0.309901 0.594948 0.080136 0.139342
0 0.654023 0.949963 0.094044 0.064336
0 0.354749 0.915219 0.012403 0.006886
