0 0.429674 0.619390 0.021024 0.048554
0 0.328521 0.415976 0.021013 0.022304
0 0.309473 0.375950 0.030217 0.015744
0 0.335750 0.434349 0.027590 0.017066
0 0.334436 0.478972 0.027590 0.061684
0 0.154592 0.847934 0.020103 0.021488
0 0.652239 0.912020 0.054654 0.030031
0 0.314457 0.517417 0.028956 0.021798
0 0.774959 0.352541 0.012565 0.020868
0 0.040827 0.807712 0.065688 0.065610
0 0.374504 0.593796 0.052544 0.118110
0 0.687161 0.923853 0.015770 0.030186
0 0.719349 0.753905 0.109038 0.091860
0 0.905233 0.795904 0.060434 0.036746
0 0.243790 0.811648 0.017073 0.013130
0 0.224085 0.809680 0.017084 0.022314
