0 0.778587 0.709427 0.024283 0.025471
0 0.506510 0.848373 0.041991 0.013126
0 0.920605 0.715519 0.012045 0.031317
0 0.894957 0.608217 0.013126 0.015749
0 0.837875 0.721729 0.014443 0.017056
0 0.917270 0.777505 0.018373 0.010493
0 0.906767 0.789320 0.018373 0.015749
0 0.404149 0.715171 0.052495 0.064304
0 0.451392 0.698110 0.036745 0.035428
0 0.426456 0.614122 0.039379 0.019679
0 0.431049 0.589186 0.027559 0.017066
0 0.411365 0.568844 0.040675 0.010493
0 0.429079 0.513073 0.055118 0.082677
0 0.593121 0.718448 0.065621 0.031499
0 0.433672 0.929079 0.059058 0.137794
0 0.471076 0.881836 0.007869 0.038062
