0 0.249831 0.943398 0.123253 0.031446
0 0.339837 0.755187 0.019819 0.017193
0 0.331373 0.734193 0.034120 0.038193
0 0.263127 0.564898 0.018373 0.011940
0 0.379271 0.899548 0.024928 0.022446
0 0.366151 0.867392 0.027554 0.026373
0 0.971789 0.840554 0.044614 0.043301
0 0.975843 0.809880 0.044458 0.041446
0 0.272054 0.831952 0.022301 0.033952
0 0.692349 0.671114 0.011108 0.006181
0 0.243584 0.435006 0.007410 0.015434
0 0.360596 0.914488 0.082301 0.017940
0 0.659771 0.838392 0.027518 0.034084
0 0.679078 0.802566 0.010494 0.012410
0 0.692916 0.640361 0.019687 0.015880
0 0.699476 0.615422 0.038060 0.015880
0 0.297392 0.718717 0.121675 0.093313
0 0.870819 0.945452 0.024627 0.020012
0 0.265373 0.534313 0.024723 0.029880
0 0.678259 0.573157 0.014470 0.016819
0 0.364837 0.841151 0.040687 0.036880
