0 0.856527 0.818301 0.028846 0.037305
0 0.900786 0.842735 0.050600 0.025379
0 0.615006 0.525832 0.013020 0.019887
0 0.064745 0.721710 0.027658 0.103669
0 0.074581 0.854258 0.023733 0.019683
0 0.122426 0.825385 0.046007 0.017067
0 0.711391 0.981767 0.064140 0.036467
0 0.231239 0.381348 0.026889 0.008313
0 0.862087 0.898386 0.048179 0.018947
0 0.631674 0.543975 0.020747 0.039298
0 0.293558 0.752554 0.026210 0.073488
0 0.238727 0.748307 0.029355 0.085742
0 0.613405 0.414626 0.020973 0.024926
0 0.913592 0.817514 0.057681 0.045923
0 0.929977 0.775515 0.022285 0.019683
