0 0.881837 0.884431 0.033727 0.018120
0 0.939227 0.794296 0.063244 0.036928
0 0.677325 0.483963 0.030934 0.029624
0 0.191396 0.948136 0.044275 0.034125
0 0.257250 0.946708 0.121611 0.086735
0 0.206284 0.885569 0.143588 0.034146
0 0.251198 0.792256 0.010752 0.010741
0 0.695585 0.837857 0.014801 0.006412
0 0.617191 0.976815 0.068346 0.031010
0 0.670113 0.533056 0.020784 0.054984
0 0.735048 0.980881 0.051278 0.038238
0 0.583319 0.919726 0.087605 0.017068
0 0.297218 0.752599 0.032803 0.031493
0 0.303120 0.628582 0.026241 0.017057
0 0.047873 0.724382 0.045929 0.093169
