0 0.887549 0.893615 0.032107 0.029258
0 0.597582 0.951472 0.078897 0.073152
0 0.296026 0.746941 0.043996 0.045507
0 0.350753 0.913310 0.107642 0.088190
0 0.712358 0.728299 0.031834 0.047394
0 0.985644 0.803435 0.028712 0.029553
0 0.774290 0.791821 0.019541 0.015049
0 0.025710 0.813850 0.044651 0.036641
0 0.695819 0.533239 0.006659 0.012214
0 0.963406 0.822007 0.037664 0.020611
0 0.841397 0.822497 0.011790 0.006543
0 0.059279 0.849673 0.045415 0.030425
0 0.048979 0.806887 0.015033 0.015998
0 0.130797 0.919237 0.023646 0.017056
0 0.365306 0.854253 0.053865 0.018430
