0 0.072142 0.820835 0.081489 0.047375
0 0.452648 0.304739 0.012636 0.021773
0 0.364449 0.920727 0.014807 0.009409
0 0.690653 0.957852 0.029625 0.019795
0 0.662330 0.935170 0.021023 0.010341
0 0.327312 0.882511 0.017352 0.008000
0 0.647011 0.597733 0.070864 0.094625
0 0.314381 0.681074 0.020852 0.019011
0 0.968335 0.799898 0.022830 0.032477
0 0.283420 0.637511 0.099318 0.101364
0 0.675227 0.719778 0.027568 0.013261
0 0.330670 0.908756 0.039500 0.018511
0 0.137102 0.868074 0.101182 0.068375
0 0.324114 0.732250 0.018500 0.064432
