0 0.952244 0.794394 0.023525 0.074326
0 0.423107 0.540643 0.032845 0.041996
0 0.147223 0.786050 0.022333 0.031494
0 0.720084 0.932842 0.065753 0.030972
0 0.151820 0.828041 0.049916 0.052487
0 0.117014 0.785392 0.048609 0.043302
0 0.947275 0.836573 0.027584 0.053814
0 0.927568 0.906129 0.032835 0.022309
0 0.815816 0.804671 0.013682 0.024848
0 0.408656 0.488804 0.027584 0.019676
0 0.415879 0.501270 0.039414 0.015747
0 0.174812 0.884472 0.024958 0.015758
0 0.209623 0.925799 0.039414 0.019666
0 0.238525 0.966494 0.031527 0.022309
0 0.857939 0.987492 0.032845 0.011808
0 0.263902 0.823474 0.007510 0.011567
