0 0.087250 0.747358 0.017055 0.017065
0 0.112209 0.727013 0.038012 0.049866
0 0.610875 0.408120 0.014439 0.028867
0 0.500613 0.386478 0.048599 0.017034
0 0.854969 0.850376 0.032801 0.031504
0 0.554269 0.749753 0.047796 0.089166
0 0.802384 0.869413 0.024274 0.038105
0 0.516782 0.491189 0.039372 0.024933
0 0.738141 0.984583 0.034696 0.030834
0 0.613048 0.535793 0.039856 0.077868
0 0.894912 0.847070 0.032935 0.027940
0 0.793502 0.944706 0.054150 0.024511
0 0.837904 0.859562 0.024933 0.026251
0 0.820850 0.862183 0.024933 0.031493
0 0.760906 0.885778 0.023028 0.058064
