0 0.614813 0.515732 0.018507 0.018498
0 0.614813 0.487519 0.010634 0.022444
0 0.680779 0.325382 0.025588 0.031642
0 0.377346 0.815602 0.028871 0.069692
0 0.318951 0.872691 0.093181 0.086744
0 0.035485 0.900317 0.066922 0.015746
0 0.905541 0.838568 0.030149 0.036875
0 0.597164 0.527547 0.019683 0.034254
0 0.931157 0.830695 0.041996 0.039506
0 0.400970 0.763106 0.052500 0.061810
0 0.872029 0.896968 0.029002 0.035560
0 0.786413 0.852938 0.008573 0.010951
0 0.430494 0.799855 0.053806 0.035569
0 0.437062 0.337257 0.011810 0.023750
0 0.650970 0.389095 0.022313 0.011940
0 0.664095 0.364156 0.019683 0.017192
0 0.577481 0.627281 0.035429 0.031632
0 0.587318 0.574790 0.028871 0.023759
0 0.584044 0.509174 0.017062 0.039506
0 0.047952 0.924524 0.081371 0.027687
0 0.599725 0.681744 0.027696 0.030317
0 0.987393 0.815177 0.025215 0.024011
0 0.764585 0.927551 0.022528 0.023013
0 0.612257 0.585942 0.031493 0.014571
