0 0.655181 0.484156 0.016721 0.038596
0 0.664677 0.769013 0.045932 0.072171
0 0.497357 0.243432 0.013114 0.018399
0 0.710614 0.338564 0.017061 0.027566
0 0.687933 0.779260 0.020537 0.026151
0 0.913427 0.854698 0.022138 0.019879
0 0.480296 0.241453 0.014430 0.015757
0 0.450110 0.238832 0.017061 0.020998
0 0.426497 0.248668 0.003936 0.014441
0 0.414682 0.252610 0.017061 0.024934
0 0.318224 0.614814 0.015746 0.035439
0 0.629249 0.572818 0.018366 0.030175
0 0.607593 0.541321 0.014441 0.022314
0 0.610872 0.597094 0.020998 0.026250
0 0.278854 0.707988 0.015757 0.059046
0 0.258514 0.772950 0.027555 0.010504
0 0.074786 0.751952 0.043300 0.073487
0 0.923871 0.835285 0.017061 0.011820
0 0.851689 0.907462 0.034123 0.018366
0 0.934748 0.815625 0.029627 0.023575
0 0.283333 0.900630 0.138158 0.035362
0 0.818723 0.865954 0.016064 0.006250
0 0.940351 0.796946 0.013596 0.013498
0 0.572725 0.927023 0.094901 0.041349
0 0.685537 0.958141 0.066952 0.042314
