0 0.719357 0.758204 0.021312 0.020051
0 0.730006 0.614096 0.090229 0.205516
0 0.948682 0.825248 0.021312 0.013783
0 0.342166 0.909834 0.083949 0.027567
0 0.735268 0.780019 0.039732 0.047172
0 0.770357 0.679815 0.130344 0.091605
0 0.349682 0.738153 0.013783 0.012535
0 0.355325 0.775121 0.015032 0.033834
0 0.943038 0.842166 0.022561 0.017554
0 0.356580 0.604694 0.045108 0.023809
0 0.711217 0.518229 0.042611 0.038854
0 0.718108 0.723115 0.028828 0.037592
0 0.502732 0.308146 0.012089 0.014790
0 0.940968 0.750019 0.016764 0.018841
0 0.962898 0.773866 0.042994 0.063911
0 0.350325 0.951210 0.090204 0.080255
