0 0.828066 0.763231 0.013912 0.007297
0 0.739885 0.600819 0.007264 0.019220
0 0.117907 0.855126 0.019549 0.014429
0 0.350253 0.512560 0.009582 0.007033
0 0.298813 0.424808 0.011516 0.015022
0 0.544429 0.282890 0.007187 0.006879
0 0.910489 0.686027 0.010209 0.009527
0 0.375319 0.917973 0.042000 0.015747
0 0.323484 0.900907 0.040681 0.028868
0 0.314951 0.949467 0.049879 0.060363
0 0.940934 0.681093 0.055121 0.150912
0 0.085297 0.825445 0.068242 0.043308
0 0.653918 0.964126 0.018780 0.021593
0 0.381879 0.896967 0.107604 0.031495
