0 0.731136 0.837581 0.018146 0.011181
0 0.688598 0.400382 0.012862 0.006944
0 0.433076 0.285972 0.008934 0.008380
0 0.424426 0.274878 0.008366 0.006933
0 0.972555 0.754670 0.028841 0.038600
0 0.963743 0.748762 0.011217 0.015625
0 0.269056 0.947946 0.087775 0.026262
0 0.035504 0.780150 0.046118 0.066921
0 0.415278 0.266372 0.009189 0.013113
0 0.958743 0.795179 0.050301 0.068368
0 0.715492 0.202726 0.013140 0.027558
0 0.668192 0.467813 0.021020 0.056435
0 0.040104 0.744057 0.036918 0.091863
0 0.211703 0.818380 0.076014 0.014213
0 0.158835 0.808142 0.018505 0.035637
