0 0.838929 0.745419 0.039410 0.055119
0 0.840243 0.683733 0.018395 0.020993
0 0.566998 0.636489 0.052547 0.034116
0 0.620476 0.453976 0.066605 0.088242
0 0.205730 0.699431 0.023116 0.061365
0 0.028644 0.692921 0.057288 0.078749
0 0.116408 0.681763 0.047308 0.103671
0 0.176832 0.853681 0.084079 0.032802
0 0.152448 0.877978 0.209037 0.044664
0 0.589922 0.607616 0.053986 0.036743
0 0.602469 0.906179 0.042039 0.024933
0 0.070186 0.803309 0.023602 0.016546
0 0.626113 0.708666 0.015766 0.076112
0 0.542034 0.771660 0.044669 0.041996
0 0.581449 0.778878 0.034161 0.053806
0 0.855352 0.683733 0.045983 0.070858
