0 0.259189 0.816273 0.039371 0.018367
0 0.966861 0.722840 0.009503 0.010365
0 0.767759 0.930639 0.017383 0.031339
0 0.091217 0.738783 0.112860 0.088053
0 0.696197 0.581962 0.026247 0.055243
0 0.730390 0.592860 0.030700 0.024260
0 0.290852 0.922992 0.113043 0.130832
0 0.825411 0.930243 0.060193 0.023387
0 0.703722 0.518347 0.044503 0.077931
0 0.354331 0.911349 0.027566 0.064442
0 0.317586 0.734843 0.024929 0.034249
0 0.932013 0.795416 0.008347 0.006917
0 0.878555 0.869838 0.014331 0.012535
0 0.809285 0.788022 0.017921 0.024483
0 0.639681 0.885365 0.009564 0.005375
0 0.626242 0.886891 0.011349 0.007231
0 0.698803 0.891638 0.023895 0.014331
