0 0.706346 0.935764 0.033666 0.033588
0 0.249114 0.797708 0.005869 0.009302
0 0.241517 0.799031 0.007553 0.010377
0 0.269136 0.788610 0.014396 0.016135
0 0.327586 0.339136 0.060775 0.028261
0 0.361705 0.787082 0.080908 0.050089
0 0.790188 0.731883 0.035127 0.040310
0 0.358715 0.914319 0.029834 0.027375
0 0.905908 0.728073 0.050731 0.077276
0 0.402841 0.887746 0.023754 0.008007
0 0.768987 0.900216 0.008007 0.017198
0 0.776860 0.897591 0.013256 0.019812
0 0.089192 0.778826 0.057874 0.036877
0 0.415305 0.566883 0.027685 0.040808
0 0.411368 0.591157 0.040808 0.070997
0 0.395620 0.631838 0.043444 0.047375
0 0.793411 0.929457 0.040642 0.034773
