0 0.061653 0.755881 0.032803 0.044622
0 0.663616 0.712889 0.033455 0.025481
0 0.625114 0.411510 0.008467 0.012243
0 0.948793 0.766596 0.008249 0.007906
0 0.942380 0.758816 0.012815 0.017517
0 0.917838 0.766653 0.019336 0.027929
0 0.894382 0.782557 0.011327 0.019920
0 0.702672 0.976825 0.039600 0.046350
0 0.867986 0.879777 0.041579 0.027494
0 0.283278 0.937889 0.066899 0.081522
0 0.633587 0.925669 0.036373 0.022643
0 0.817654 0.927054 0.021419 0.028318
0 0.627923 0.784748 0.023627 0.026247
0 0.629897 0.477002 0.030183 0.066934
0 0.884497 0.839211 0.027574 0.019680
0 0.205349 0.913358 0.081362 0.070858
0 0.077397 0.747346 0.017059 0.040686
0 0.235538 0.700761 0.023616 0.013124
0 0.078055 0.701419 0.010503 0.011808
0 0.219130 0.765721 0.045927 0.024943
