0 0.192212 0.879468 0.056473 0.009776
0 0.043343 0.870084 0.044849 0.018085
0 0.571680 0.613701 0.041321 0.020661
0 0.579950 0.647447 0.046842 0.035812
0 0.658931 0.757301 0.088858 0.099552
0 0.593656 0.694205 0.019429 0.049731
0 0.013802 0.781674 0.027604 0.031814
0 0.166041 0.900129 0.059227 0.018040
0 0.192900 0.913214 0.035812 0.044211
0 0.138494 0.942895 0.031680 0.009642
0 0.277609 0.859563 0.031680 0.044076
0 0.273477 0.892620 0.023415 0.035812
0 0.639866 0.942206 0.103315 0.093662
0 0.231657 0.745588 0.006249 0.021254
0 0.890773 0.799664 0.007772 0.012184
