0 0.719839 0.774161 0.087218 0.084414
0 0.773931 0.799816 0.028184 0.029724
0 0.258270 0.645891 0.015138 0.031276
0 0.155213 0.758862 0.021713 0.032552
0 0.425966 0.321925 0.013839 0.016793
0 0.139299 0.738029 0.019402 0.053989
0 0.878379 0.902902 0.026092 0.025368
0 0.687707 0.478017 0.022494 0.018126
0 0.254655 0.917908 0.061678 0.027563
0 0.854983 0.849667 0.029000 0.019678
0 0.964626 0.786017 0.056425 0.057736
0 0.819615 0.846448 0.055115 0.052621
0 0.623420 0.945529 0.108931 0.017195
0 0.605046 0.964563 0.040690 0.015885
0 0.232339 0.879914 0.022310 0.009322
0 0.192977 0.914034 0.074805 0.032943
0 0.059701 0.814299 0.034253 0.022437
0 0.024638 0.706034 0.049276 0.063126
0 0.253931 0.932408 0.099471 0.031069
0 0.487259 0.322914 0.013046 0.018770
0 0.245460 0.712759 0.014598 0.021379
0 0.248489 0.736374 0.007138 0.015184
0 0.225718 0.785190 0.008034 0.008034
0 0.664770 0.500264 0.012966 0.012966
