0 0.765491 0.743155 0.094421 0.060319
0 0.237260 0.826757 0.035469 0.017059
0 0.497982 0.295099 0.010254 0.010573
0 0.508131 0.293062 0.004531 0.004295
0 0.514576 0.293502 0.005072 0.011123
0 0.720430 0.675303 0.008754 0.012346
0 0.335794 0.932401 0.130066 0.078744
0 0.290402 0.832665 0.023782 0.042004
0 0.066400 0.846448 0.064509 0.032808
0 0.099245 0.871382 0.032977 0.017059
0 0.932249 0.782797 0.024961 0.015749
0 0.956549 0.660749 0.031533 0.073480
0 0.699008 0.540143 0.034179 0.115969
0 0.736058 0.820138 0.025325 0.030760
0 0.380447 0.947329 0.073153 0.105341
