0 0.671723 0.440273 0.026663 0.083171
0 0.388471 0.784076 0.017577 0.013996
0 0.440616 0.588688 0.037160 0.014394
0 0.362696 0.304100 0.016375 0.014006
0 0.355119 0.637913 0.016395 0.016779
0 0.849315 0.851541 0.031658 0.011829
0 0.591758 0.532107 0.034081 0.032803
0 0.344796 0.589622 0.035670 0.035845
0 0.932155 0.785626 0.019364 0.022684
0 0.833560 0.790755 0.038381 0.026004
0 0.675690 0.348415 0.017200 0.036789
0 0.701117 0.514051 0.026802 0.024901
0 0.670715 0.851978 0.045660 0.048529
0 0.752969 0.887873 0.027845 0.036024
0 0.232532 0.804418 0.013108 0.039374
0 0.218749 0.768330 0.024866 0.030179
0 0.076519 0.988141 0.020983 0.007873
0 0.311197 0.851004 0.152085 0.135169
0 0.821187 0.881188 0.023605 0.030189
0 0.701226 0.691556 0.027537 0.026252
0 0.606832 0.602977 0.079980 0.040686
0 0.626500 0.585915 0.074727 0.019682
0 0.657309 0.570825 0.039325 0.023618
0 0.579300 0.565572 0.040645 0.023628
0 0.654682 0.533424 0.068173 0.064304
0 0.631743 0.534081 0.058997 0.065616
