0 0.179146 0.820878 0.128612 0.080047
0 0.898944 0.821934 0.011578 0.007236
0 0.622355 0.413636 0.012966 0.012966
0 0.238612 0.990694 0.014401 0.010807
0 0.082687 0.736234 0.014437 0.021008
0 0.196868 0.929093 0.087924 0.089383
0 0.580065 0.938333 0.114176 0.097117
0 0.597129 0.869371 0.108921 0.032930
0 0.566945 0.851655 0.064306 0.023760
0 0.590546 0.553096 0.017011 0.030320
0 0.612871 0.679739 0.017058 0.013262
0 0.616151 0.694828 0.018375 0.006690
0 0.281441 0.650214 0.034247 0.035563
0 0.282758 0.667272 0.026370 0.022444
0 0.257230 0.698114 0.022313 0.023749
0 0.230985 0.752568 0.027568 0.017189
0 0.265042 0.723701 0.035563 0.011934
0 0.235516 0.709917 0.047378 0.089371
0 0.775047 0.943405 0.127034 0.056323
0 0.900107 0.843250 0.060712 0.023725
0 0.609591 0.940961 0.031495 0.057746
