0 0.682749 0.517420 0.066594 0.072780
0 0.713411 0.347317 0.014069 0.020195
0 0.709057 0.370114 0.008034 0.010801
0 0.301811 0.775515 0.016080 0.039565
0 0.277697 0.759765 0.032149 0.036213
0 0.305491 0.852305 0.024789 0.012071
0 0.312189 0.869068 0.010046 0.009394
0 0.353051 0.910275 0.030149 0.012815
0 0.327257 0.881436 0.024114 0.010126
0 0.293440 0.914634 0.101143 0.044325
0 0.876851 0.888850 0.014069 0.010057
0 0.701777 0.753341 0.032331 0.048787
0 0.465040 0.245549 0.019246 0.065011
0 0.698943 0.432180 0.016080 0.010721
0 0.081434 0.741316 0.018754 0.032860
0 0.108566 0.891836 0.032811 0.032254
