0 0.666101 0.507734 0.011110 0.011119
0 0.671274 0.495523 0.011574 0.008571
0 0.209427 0.726251 0.037015 0.052593
0 0.807589 0.798844 0.027407 0.024440
0 0.169809 0.799586 0.020000 0.076297
0 0.159067 0.748844 0.038517 0.013339
0 0.295273 0.583462 0.017279 0.085778
0 0.687957 0.479213 0.016297 0.013330
0 0.712002 0.406142 0.011574 0.014995
0 0.727643 0.310978 0.006861 0.010710
0 0.280032 0.950341 0.011110 0.009254
0 0.298271 0.934258 0.008007 0.019199
0 0.345732 0.699773 0.010373 0.005551
0 0.342029 0.683485 0.017780 0.006096
0 0.338694 0.793658 0.011110 0.020000
0 0.339436 0.728476 0.020000 0.008144
0 0.212402 0.754031 0.010373 0.010373
0 0.689136 0.953521 0.051392 0.043003
0 0.731160 0.802566 0.058080 0.043003
0 0.298012 0.791943 0.038480 0.020500
0 0.708990 0.436492 0.029718 0.031583
