0 0.165783 0.910009 0.086670 0.040000
0 0.251708 0.788897 0.025926 0.033330
0 0.193192 0.801488 0.073339 0.108893
0 0.161708 0.828525 0.100735 0.118521
0 0.154304 0.879637 0.066670 0.038512
0 0.428413 0.596830 0.043175 0.101081
0 0.357344 0.373365 0.016246 0.029637
0 0.355009 0.425303 0.037561 0.025519
0 0.415234 0.834356 0.038720 0.012638
0 0.806786 0.350692 0.100770 0.039827
0 0.707042 0.520614 0.024343 0.055104
0 0.930169 0.726652 0.033365 0.064170
0 0.752102 0.876419 0.027803 0.041557
0 0.767902 0.395506 0.029299 0.048659
0 0.387180 0.501557 0.054619 0.050657
0 0.532807 0.280809 0.053036 0.051514
0 0.183936 0.970709 0.148149 0.051920
0 0.283936 0.956263 0.108149 0.085260
0 0.091708 0.919632 0.089628 0.045926
0 0.078378 0.975895 0.058521 0.017846
0 0.444221 0.880458 0.042872 0.032543
