0 0.645201 0.611097 0.022094 0.018950
0 0.659684 0.325436 0.017419 0.032921
0 0.927893 0.835931 0.028197 0.026123
0 0.569641 0.593638 0.038769 0.136960
0 0.839765 0.941345 0.042350 0.020333
0 0.649338 0.589983 0.030299 0.007532
0 0.637641 0.397925 0.011795 0.016977
0 0.621645 0.481383 0.026692 0.019556
0 0.677239 0.958284 0.075607 0.066695
0 0.812030 0.914270 0.033803 0.058668
0 0.876085 0.917827 0.119214 0.026670
0 0.660346 0.668049 0.013342 0.012442
0 0.301372 0.708049 0.032026 0.023117
0 0.173248 0.722263 0.023077 0.133339
0 0.101201 0.792938 0.021359 0.034671
0 0.103423 0.871161 0.064949 0.040000
