0 0.321030 0.960635 0.051064 0.065187
0 0.525051 0.284306 0.010153 0.029003
0 0.794077 0.362053 0.020443 0.018501
0 0.191787 0.870601 0.038145 0.034983
0 0.649889 0.293927 0.011677 0.017853
0 0.791583 0.389885 0.020272 0.042104
0 0.361736 0.444753 0.020732 0.024532
0 0.419306 0.912790 0.090119 0.043944
0 0.444349 0.644476 0.032221 0.044983
0 0.403919 0.571742 0.025898 0.020741
0 0.404660 0.528041 0.028860 0.026661
0 0.353962 0.410635 0.020723 0.012598
0 0.368762 0.785077 0.022204 0.038518
0 0.412800 0.881376 0.031830 0.017777
0 0.410583 0.893969 0.030340 0.007411
0 0.699966 0.560635 0.015540 0.014813
0 0.092332 0.855447 0.015540 0.022223
