0 0.274086 0.891591 0.137047 0.076885
0 0.018163 0.740399 0.032567 0.057036
0 0.209480 0.749643 0.019983 0.008858
0 0.652076 0.355176 0.009622 0.015626
0 0.640973 0.405214 0.012584 0.017783
0 0.635424 0.425584 0.010361 0.011117
0 0.695000 0.282582 0.019983 0.026003
0 0.988188 0.818430 0.023624 0.026129
0 0.272907 0.702909 0.036401 0.085248
0 0.831573 0.928997 0.025730 0.017741
0 0.707907 0.240869 0.024975 0.028757
0 0.238876 0.819555 0.103154 0.057851
0 0.884438 0.893598 0.035218 0.019807
0 0.948918 0.797502 0.060235 0.062712
0 0.700180 0.340466 0.057257 0.082477
