0 0.325753 0.621083 0.014076 0.017782
0 0.315044 0.675132 0.034120 0.019454
0 0.067606 0.972901 0.040000 0.032667
0 0.665753 0.767381 0.058512 0.061488
0 0.309085 0.741083 0.026673 0.017782
0 0.323900 0.639974 0.022218 0.006673
0 0.316862 0.652936 0.027403 0.011857
0 0.662161 0.493486 0.040308 0.083609
0 0.391052 0.198750 0.023530 0.018715
0 0.930832 0.827724 0.057808 0.046910
0 0.680867 0.644934 0.018301 0.076241
0 0.305070 0.869401 0.043011 0.017254
0 0.846862 0.851048 0.082967 0.068961
0 0.686866 0.398085 0.019261 0.022298
