0 0.140231 0.773080 0.069606 0.062331
0 0.705011 0.426841 0.014054 0.018773
0 0.680225 0.482275 0.012883 0.020338
0 0.775327 0.280124 0.097838 0.070158
0 0.708744 0.659200 0.032804 0.060743
0 0.715524 0.727646 0.019583 0.034032
0 0.730681 0.349679 0.037511 0.051182
0 0.155608 0.689307 0.014572 0.017804
0 0.293198 0.758508 0.012950 0.018615
0 0.334882 0.707928 0.016993 0.014572
0 0.362810 0.839043 0.019426 0.024279
0 0.336498 0.882342 0.065563 0.028333
0 0.344189 0.939814 0.021036 0.031565
0 0.728238 0.845923 0.041273 0.036419
0 0.776396 0.873440 0.025901 0.044516
0 0.692325 0.458091 0.008975 0.011700
