0 0.349042 0.879895 0.029630 0.051924
0 0.782761 0.944029 0.083303 0.078899
0 0.304992 0.707063 0.075613 0.056748
0 0.818143 0.876895 0.028235 0.014244
0 0.647168 0.634937 0.015092 0.034294
0 0.288882 0.587643 0.007782 0.027134
0 0.151265 0.861004 0.108143 0.057118
0 0.112748 0.774004 0.022218 0.048882
0 0.144597 0.737303 0.019261 0.077849
0 0.177563 0.931042 0.091109 0.087412
0 0.922008 0.971412 0.060000 0.033328
0 0.318668 0.845113 0.035555 0.013336
0 0.294597 0.482151 0.043697 0.051849
0 0.306819 0.535454 0.014815 0.037109
