0 0.931278 0.721068 0.031069 0.060224
0 0.752447 0.863564 0.028318 0.041188
0 0.38487 0.48636 0.062158 0.048308
0 0.759135 0.385466 0.030995 0.046851
0 0.701907 0.508787 0.022958 0.056943
0 0.511915 0.271895 0.023332 0.020341
0 0.793074 0.338145 0.09526 0.043996
0 0.249745 0.765626 0.019741 0.027171
0 0.352839 0.409738 0.035355 0.024377
0 0.52392 0.258052 0.027158 0.031786
0 0.289191 0.940672 0.122826 0.116785
0 0.44769 0.871268 0.042128 0.033946
0 0.429997 0.613739 0.03575 0.037942
0 0.414123 0.818438 0.044799 0.013589