0 0.93128 0.721069 0.031063 0.060224
0 0.752462 0.863588 0.028342 0.041236
0 0.384864 0.486351 0.062165 0.04831
0 0.759135 0.385441 0.031018 0.04691
0 0.70191 0.508779 0.022955 0.056936
0 0.511909 0.271901 0.023319 0.020345
0 0.793053 0.33813 0.095267 0.043932
0 0.249745 0.765628 0.019741 0.02717
0 0.352837 0.409743 0.035356 0.024382
0 0.523924 0.258054 0.027148 0.031786
0 0.289189 0.940632 0.122807 0.116841
0 0.447681 0.871279 0.042146 0.033964
0 0.429999 0.613739 0.035746 0.037936
0 0.414123 0.818436 0.044813 0.013584