0 0.931283 0.721068 0.031061 0.060219
0 0.752462 0.863588 0.028341 0.041237
0 0.384852 0.486354 0.062167 0.048293
0 0.759131 0.385473 0.030998 0.046839
0 0.701904 0.50878 0.022961 0.056928
0 0.51191 0.271898 0.023318 0.020338
0 0.793059 0.338154 0.095262 0.043989
0 0.249745 0.765626 0.019745 0.027172
0 0.352837 0.409756 0.035353 0.024364
0 0.523921 0.258056 0.027146 0.031786
0 0.289191 0.940623 0.122816 0.116849
0 0.447682 0.871283 0.042148 0.033971
0 0.430006 0.613743 0.03574 0.037931
0 0.414119 0.818436 0.044821 0.013579