0 0.114293 0.888457 0.099845 0.064998
0 0.344272 0.47568 0.067826 0.049483
0 0.671059 0.501332 0.030583 0.06525
0 0.729454 0.375868 0.036767 0.048189
0 0.729324 0.864516 0.035033 0.041609
0 0.760667 0.327992 0.096729 0.054543
0 0.141145 0.958308 0.1695 0.061744
0 0.202459 0.763189 0.022581 0.025044
0 0.415325 0.87943 0.045752 0.043461
0 0.48275 0.240683 0.026973 0.027418
0 0.468167 0.255311 0.019973 0.015452
0 0.307347 0.398437 0.03307 0.018988
0 0.114842 0.80816 0.117187 0.134948
0 0.402768 0.333875 0.199008 0.101265