0 0.114402 0.888458 0.099697 0.065054
0 0.344308 0.475675 0.067782 0.049464
0 0.671158 0.501397 0.030433 0.065325
0 0.729423 0.375902 0.036662 0.048111
0 0.729308 0.864447 0.035113 0.04175
0 0.76063 0.327872 0.09677 0.054299
0 0.415206 0.879998 0.046063 0.044589
0 0.202422 0.76315 0.022617 0.025097
0 0.14113 0.958844 0.169493 0.060592
0 0.482728 0.240689 0.026915 0.027397
0 0.468166 0.255308 0.01998 0.015446
0 0.113302 0.814079 0.113223 0.125868
0 0.307337 0.398429 0.033059 0.018973
0 0.402749 0.334025 0.198973 0.100935