0 0.376660 0.815308 0.033022 0.067743
0 0.613008 0.732309 0.052136 0.056483
0 0.597369 0.680173 0.024328 0.023461
0 0.586068 0.657579 0.017379 0.011297
0 0.579991 0.622393 0.033022 0.033013
0 0.586507 0.578512 0.026931 0.023461
0 0.611269 0.588069 0.031287 0.019981
0 0.607794 0.565042 0.029543 0.019114
0 0.634296 0.561567 0.021726 0.012164
0 0.595630 0.526810 0.027808 0.039963
0 0.584767 0.505522 0.019981 0.030410
0 0.612141 0.492920 0.019114 0.060821
0 0.626091 0.455672 0.022519 0.049552
0 0.359109 0.308881 0.019991 0.016511
0 0.384916 0.554412 0.017500 0.038619
