0 0.626306 0.742596 0.042719 0.029533
0 0.413366 0.816196 0.039083 0.033276
0 0.261503 0.934861 0.104431 0.122940
0 0.188989 0.813055 0.049050 0.066978
0 0.679992 0.872125 0.013186 0.007903
0 0.709791 0.905880 0.035864 0.035332
0 0.340876 0.755835 0.024783 0.027428
0 0.628575 0.640332 0.026372 0.011605
0 0.427371 0.646396 0.016347 0.018460
0 0.359337 0.631634 0.020573 0.006855
0 0.354029 0.589308 0.017461 0.025823
0 0.630090 0.583231 0.033415 0.069869
0 0.591360 0.492441 0.028862 0.017543
0 0.482379 0.349623 0.055438 0.052400
